"group","date","cum_I","Incidence","imported","Rt"
"TUR",2020-09-09,0,0,0,2.63
"TUR",2020-09-10,0,0,0,2.63
"TUR",2020-09-11,0,0,0,2.63
"TUR",2020-09-12,0,0,0,2.63
"TUR",2020-09-13,0,0,0,2.63
"TUR",2020-09-14,0,0,0,2.63
"TUR",2020-09-15,0,0,0,2.63
"TUR",2020-09-16,0,0,0,2.63
"TUR",2020-09-17,0,0,0,2.63
"TUR",2020-09-18,0,0,0,2.63
"TUR",2020-09-19,0,0,0,2.63
"TUR",2020-09-20,0,0,0,2.63
"TUR",2020-09-21,0,0,0,2.63
"TUR",2020-09-22,0,0,0,2.63
"TUR",2020-09-23,0,0.00184227647258664,0.00184227647258664,2.63
"TUR",2020-09-24,1.40480173215787e-05,0.00376439655080152,0.00375034853347994,2.63
"TUR",2020-09-25,0.000248542969847828,0.00566193694153601,0.00542744198900976,2.63
"TUR",2020-09-26,0.001313258131977,0.00807374983714346,0.00700903467501429,2.63
"TUR",2020-09-27,0.00414251923948774,0.0109612626799953,0.00813200157248459,2.63
"TUR",2020-09-28,0.0097821377197365,0.0157549267314794,0.0101153082512307,2.63
"TUR",2020-09-29,0.0192939691615894,0.0216012849607996,0.0120894535189467,2.63
"TUR",2020-09-30,0.0338983787846529,0.0305349929302424,0.0159305833071789,2.63
"TUR",2020-10-01,0.0552348093893347,0.038304977476965,0.0169685468722832,2.63
"TUR",2020-10-02,0.0856088763856509,0.0534662394112991,0.0230921724149829,2.63
"TUR",2020-10-03,0.127942550640993,0.0763518866507538,0.0340182123954117,2.63
"TUR",2020-10-04,0.185939440221563,0.0980074152158469,0.0400105256352768,2.63
"TUR",2020-10-05,0.265115801259007,0.126107425647479,0.0469310646100348,2.63
"TUR",2020-10-06,0.373076673344187,0.161632634907395,0.0536717628222149,2.63
"TUR",2020-10-07,0.518753423218523,0.207695883541603,0.0620191336672671,2.63
"TUR",2020-10-08,0.712260742963699,0.260545818611378,0.0670384988662013,2.63
"TUR",2020-10-09,0.965674596949652,0.326033363607234,0.0726195096212816,2.63
"TUR",2020-10-10,1.29371263711283,0.405348872110912,0.0773108319477357,2.63
"TUR",2020-10-11,1.71396894441784,0.50286411578757,0.0826078084825541,2.63
"TUR",2020-10-12,2.24737693583346,0.623253439053507,0.0898454476378893,2.63
"TUR",2020-10-13,2.91909667928385,0.769256951957579,0.0975372085071944,2.63
"TUR",2020-10-14,3.75984318560383,0.986265515744496,0.145519009424513,2.63
"TUR",2020-10-15,4.80762227925282,1.23092193245092,0.183142838801927,2.63
"TUR",2020-10-16,6.11277001097674,1.52729294119841,0.222145209474499,2.63
"TUR",2020-10-17,7.7428124251306,1.8904987016342,0.260456287480335,2.63
"TUR",2020-10-18,9.7818868403144,2.33783321682414,0.298758801640335,2.63
"TUR",2020-10-19,12.329883739772,2.89659657021569,0.348599670758112,2.63
"TUR",2020-10-20,15.5053239881502,3.58696515527012,0.41152490689186,2.63
"TUR",2020-10-21,19.4521951288262,4.45273251869342,0.505861378017459,2.63
"TUR",2020-10-22,24.3490552828801,5.49209239991905,0.595232245865212,2.63
"TUR",2020-10-23,30.4193782892134,6.76848411531403,0.698161108980646,2.63
"TUR",2020-10-24,37.9402200511647,8.30597491040682,0.7851331484556,2.63
"TUR",2020-10-25,47.2490508353562,10.1872522841961,0.878421500004588,2.63
"TUR",2020-10-26,58.7522902101647,12.4839170002612,0.9806776254526,2.63
"TUR",2020-10-27,72.9382011385121,15.2759560016772,1.09004507332985,2.63
"TUR",2020-10-28,90.3969213287666,18.8137739487809,1.3550537585264,2.63
"TUR",2020-10-29,111.846353565755,23.0451507594966,1.59571852250811,2.63
"TUR",2020-10-30,138.173311076603,28.1424466786878,1.81548916783968,2.63
"TUR",2020-10-31,170.477704193019,34.354233590778,2.04984047436264,2.63
"TUR",2020-11-01,210.098645511011,40.2211838736526,0.600242555660454,2.63
"TUR",2020-11-02,258.632570903995,49.1849973997968,0.65107200681257,2.63
"TUR",2020-11-03,317.83860523395,59.9226878796078,0.716653549652158,2.63
"TUR",2020-11-04,389.671466455932,72.6528430337056,0.819981811723981,2.63
"TUR",2020-11-05,476.597508859302,87.8366414821342,0.910599078764588,2.63
"TUR",2020-11-06,581.806908190176,106.21999384057,1.01059450969547,2.63
"TUR",2020-11-07,709.241381641547,128.519699005792,1.08522555442064,2.63
"TUR",2020-11-08,863.618653753039,155.54514908762,1.16787697612904,2.63
"TUR",2020-11-09,1050.57266923773,188.198368941099,1.24435345641049,2.63
"TUR",2020-11-10,1276.8919984098,227.65049900104,1.33116982897221,2.63
"TUR",2020-11-11,1550.79938275682,275.427683062619,1.52029871559902,2.63
"TUR",2020-11-12,1882.25331366461,333.080473216659,1.62654230885917,2.63
"TUR",2020-11-13,2283.30305568469,402.775352145759,1.7256101256841,2.63
"TUR",2020-11-14,2768.51553993578,487.032601504255,1.82011725316007,2.63
"TUR",2020-11-15,3355.48470573099,588.85576948379,1.88660368858436,2.63
"TUR",2020-11-16,4065.45968357107,711.933163025219,1.95818518513505,2.63
"TUR",2020-11-17,4924.11460305549,860.678360494587,2.02344101016706,2.63
"TUR",2020-11-18,5962.47412495841,1040.4886816072,2.12915970428397,2.63
"TUR",2020-11-19,7218.03449640057,1257.73211914982,2.17174770765165,2.63
"TUR",2020-11-20,8736.11576488757,1520.29688025145,2.21561176445412,2.63
"TUR",2020-11-21,10571.4895965735,1837.61495690257,2.24112521664016,2.63
"TUR",2020-11-22,12790.3408879881,2221.11396777014,2.26267635553994,2.63
"TUR",2020-11-23,15472.6463433317,2684.55203974169,2.24658439814528,2.63
"TUR",2020-11-24,18715.0549960702,3244.70013031841,2.2914775798501,2.63
"TUR",2020-11-25,22634.3670298616,3921.7863880633,2.47435427187768,2.63
"TUR",2020-11-26,27371.741253123,4739.87932884015,2.50510557875049,2.63
"TUR",2020-11-27,33097.7939949952,5728.64840653811,2.59566466589582,2.63
"TUR",2020-11-28,40018.7392308417,6923.57116679471,2.62593094829509,2.63
"TUR",2020-11-29,48383.7854982922,8367.71794885392,2.6716814033964,2.63
"TUR",2020-11-30,58494.0917341697,10113.0661490443,2.75991316672188,2.63
"TUR",2020-12-01,70713.6069822054,12223.4580485883,3.94280055265748,2.63
"TUR",2020-12-02,85482.1886276712,14772.8724792932,4.29083382732927,2.63
"TUR",2020-12-03,103331.538186466,17853.9620177007,4.61245890592533,2.63
"TUR",2020-12-04,124904.366749385,21577.7651004867,4.93653756731392,2.63
"TUR",2020-12-05,150977.369484823,26078.3285682599,5.32583282264162,2.63
"TUR",2020-12-06,182489.083199149,31517.351026655,5.63731232900258,2.63
"TUR",2020-12-07,220573.70657834,38090.5248817796,5.90150258846553,2.63
"TUR",2020-12-08,266601.981649509,46034.6348492046,6.35977803504359,2.63
"TUR",2020-12-09,322230.521974091,55635.6514592185,7.1111346371811,2.63
"TUR",2020-12-10,389461.411803587,67238.5789034782,7.68907398229861,2.63
"TUR",2020-12-11,470714.278915485,81261.190183973,8.32307207503512,2.63
"TUR",2020-12-12,568913.371800613,98207.8872797759,8.79439464736994,2.63
"TUR",2020-12-13,687592.740431082,118688.801566105,9.43293563612889,2.63
"TUR",2020-12-14,831023.358299323,143440.604604084,9.98673584296166,2.63
"TUR",2020-12-15,1004366.80172682,173354.261162341,10.8177348438221,2.63
"TUR",2020-12-16,1213861.00532755,209506.612286325,12.4086855918401,2.63
"TUR",2020-12-17,1467044.75289195,253197.219378056,13.4718136548747,2.63
"TUR",2020-12-18,1773029.02773123,305998.677666832,14.4028275533331,2.63
"TUR",2020-12-19,2142824.85265305,369811.67924911,15.8543272905996,2.63
"TUR",2020-12-20,2589739.35642006,446931.601488595,17.0977215911519,2.63
"TUR",2020-12-21,3129854.55302415,540133.823976063,18.6273719689682,2.63
"TUR",2020-12-22,3782606.07786038,652771.896137913,20.3713016788871,2.63
"TUR",2020-12-23,4571482.56803301,788898.697852866,22.2076802398382,2.63
"TUR",2020-12-24,5524870.85298764,953411.569405444,23.2844508107588,2.63
"TUR",2020-12-25,6677077.35873809,1152230.95623716,24.4504867201202,2.63
"TUR",2020-12-26,8069562.4147802,1392510.53376317,25.4777210632951,2.63
"TUR",2020-12-27,9752431.96702268,1682896.75322611,27.2009836253729,2.63
