"group","date","cum_I","Incidence","imported","Rt"
"POL",2020-09-09,0,0,0,1.62
"POL",2020-09-10,0,0,0,1.62
"POL",2020-09-11,0,0,0,1.62
"POL",2020-09-12,0,0,0,1.62
"POL",2020-09-13,0,0,0,1.62
"POL",2020-09-14,0,0,0,1.62
"POL",2020-09-15,0,0,0,1.62
"POL",2020-09-16,0,0,0,1.62
"POL",2020-09-17,0,0,0,1.62
"POL",2020-09-18,0,0,0,1.62
"POL",2020-09-19,0,0,0,1.62
"POL",2020-09-20,0,0,0,1.62
"POL",2020-09-21,0,0,0,1.62
"POL",2020-09-22,0,0,0,1.62
"POL",2020-09-23,0,0.00133545828280431,0.00133545828280431,1.62
"POL",2020-09-24,6.27263215916878e-06,0.00272488413643938,0.00271861150428021,1.62
"POL",2020-09-25,0.00011095947191246,0.00403901616899144,0.00393432932923815,1.62
"POL",2020-09-26,0.000585793591849863,0.00555565317749625,0.00508081905755885,1.62
"POL",2020-09-27,0.00184242376447649,0.00715148309907388,0.00589485292644725,1.62
"POL",2020-09-28,0.00432211796502741,0.00981223759902258,0.00733254339847167,1.62
"POL",2020-09-29,0.00842634343087182,0.0128678182689305,0.00876359280308612,1.62
"POL",2020-09-30,0.0145520847778728,0.017673752595066,0.0115480112480651,1.62
"POL",2020-10-01,0.0231891587391845,0.0215062603965051,0.0128691864351934,1.62
"POL",2020-10-02,0.0350213076745993,0.0293455797694634,0.0175134308340487,1.62
"POL",2020-10-03,0.0509168144329998,0.041695401163245,0.0257998944048444,1.62
"POL",2020-10-04,0.071980104242577,0.0514078395017793,0.0303445496922022,1.62
"POL",2020-10-05,0.0999198998982421,0.0635329801878758,0.0355931845322107,1.62
"POL",2020-10-06,0.137066422666028,0.0778519483568668,0.0407054255890813,1.62
"POL",2020-10-07,0.185917075845233,0.0958868431205454,0.0470361899413396,1.62
"POL",2020-10-08,0.24893079955575,0.113856671355836,0.0508429476453194,1.62
"POL",2020-10-09,0.328702732508376,0.134847598251646,0.0550756652990193,1.62
"POL",2020-10-10,0.428081353505553,0.15801225163649,0.0586336306393124,1.62
"POL",2020-10-11,0.550073709851764,0.184643289061092,0.062650932714882,1.62
"POL",2020-10-12,0.697815373475585,0.215881724449773,0.0681400608259523,1.62
"POL",2020-10-13,0.874664720021422,0.250822947826789,0.0739736012809514,1.62
"POL",2020-10-14,1.08442636803533,0.320125327134107,0.110363679120199,1.62
"POL",2020-10-15,1.33168568565585,0.386157442165432,0.138898124544912,1.62
"POL",2020-10-16,1.62358032764514,0.460372717214583,0.168478075225291,1.62
"POL",2020-10-17,1.97132905413296,0.545282466237665,0.197533739749852,1.62
"POL",2020-10-18,2.38895486384099,0.64420871904039,0.226582909332359,1.62
"POL",2020-10-19,2.8914651692602,0.766893236261745,0.264382930842535,1.62
"POL",2020-10-20,3.49435537286987,0.914996525345897,0.312106321736219,1.62
"POL",2020-10-21,4.21470280121537,1.10399986676992,0.383652438424419,1.62
"POL",2020-10-22,5.0731446641575,1.30987443415366,0.451432571211535,1.62
"POL",2020-10-23,6.09607206333137,1.55242267893464,0.529495279760766,1.62
"POL",2020-10-24,7.3163071860251,1.81569122980622,0.595456107112483,1.62
"POL",2020-10-25,8.77185598636093,2.1217561153951,0.666207315059274,1.62
"POL",2020-10-26,10.5042265707637,2.47613039422996,0.743759809827138,1.62
"POL",2020-10-27,12.5575646019326,2.88004366347964,0.826705632310773,1.62
"POL",2020-10-28,14.9799192304527,3.45004660352769,1.02769197500759,1.62
"POL",2020-10-29,17.8258502395741,4.05614655196149,1.21021554284011,1.62
"POL",2020-10-30,21.1642695371251,4.71531201251681,1.37689271496583,1.62
"POL",2020-10-31,25.085078158537,5.47543668859583,1.55462806718396,1.62
"POL",2020-11-01,29.6937762155871,5.217192510046,0.608494452995861,1.62
"POL",2020-11-02,35.0984310424086,6.06467751416733,0.660022687345815,1.62
"POL",2020-11-03,41.3465535103282,6.97462828722679,0.726505819307178,1.62
"POL",2020-11-04,48.4106169398966,7.89531802704116,0.83125459747274,1.62
"POL",2020-11-05,56.2882365915079,8.80073728648424,0.923117634872983,1.62
"POL",2020-11-06,65.0598765387784,9.79612771072327,1.02448776345279,1.62
"POL",2020-11-07,74.8633154250857,10.903583692581,1.10014480627373,1.62
"POL",2020-11-08,85.8477042659597,12.1683213279236,1.18393248704962,1.62
"POL",2020-11-09,98.1539941486581,13.5677502184437,1.26146033574523,1.62
"POL",2020-11-10,111.921547129167,15.1170232059805,1.34947022547206,1.62
"POL",2020-11-11,127.302144706185,16.9217967582745,1.54119918125573,1.62
"POL",2020-11-12,144.468324660605,18.8150833238501,1.64890336943015,1.62
"POL",2020-11-13,163.620001401083,20.9010098719099,1.74933313143202,1.62
"POL",2020-11-14,184.984885151813,23.210023256261,1.84513950553095,1.62
"POL",2020-11-15,208.809295714239,25.7369505326085,1.9125399701825,1.62
"POL",2020-11-16,235.354008162914,28.5298179895211,1.98510554084637,1.62
"POL",2020-11-17,264.897848339815,31.595098654062,2.05125847716052,1.62
"POL",2020-11-18,297.742203259395,35.0027854696649,2.15843055008581,1.62
"POL",2020-11-19,334.217468227121,38.6768690042118,2.20160403648563,1.62
"POL",2020-11-20,374.688746563053,42.7173494549305,2.24607111899835,1.62
"POL",2020-11-21,419.55744205178,47.1406308087648,2.2719353200377,1.62
"POL",2020-11-22,469.258615238331,51.9949559220253,2.29378273547434,1.62
"POL",2020-11-23,524.26220787072,57.2810621846008,2.27746955221175,1.62
"POL",2020-11-24,585.078309844729,63.1390818816382,2.32297990762909,1.62
"POL",2020-11-25,652.262375396985,69.69243626837,2.50837071611412,1.62
"POL",2020-11-26,726.423461233254,76.7006306160643,2.53954477979558,1.62
"POL",2020-11-27,808.242228534983,84.4501161391952,2.63134883746634,1.62
"POL",2020-11-28,898.477806429777,92.897609103544,2.66203120874957,1.62
"POL",2020-11-29,997.959780033979,102.190384227221,2.7084106230191,1.62
"POL",2020-11-30,1107.58703744527,112.425112773033,2.79785536174231,1.62
"POL",2020-12-01,1228.33585804475,124.92943262946,4.18061202998317,1.62
"POL",2020-12-02,1361.28253204543,137.496311061351,4.54963706066768,1.62
"POL",2020-12-03,1507.69152415422,151.299653183927,4.89066107513798,1.62
"POL",2020-12-04,1669.05264580468,166.595408311623,5.23428666115673,1.62
"POL",2020-12-05,1846.9842063832,183.578622982677,5.64706240416036,1.62
"POL",2020-12-06,2043.17623985521,202.16936238445,5.97732891244423,1.62
"POL",2020-12-07,2259.43087543643,222.512089486592,6.25745390536855,1.62
"POL",2020-12-08,2497.72544980783,245.037944776831,6.7433704054357,1.62
"POL",2020-12-09,2760.24118864779,270.0557841996,7.54004535963449,1.62
"POL",2020-12-10,3049.38254541553,297.294200098387,8.15284333065292,1.62
"POL",2020-12-11,3367.82047136183,327.263007199741,8.8250812534396,1.62
"POL",2020-12-12,3718.52142805298,360.025788512645,9.32483182149141,1.62
"POL",2020-12-13,4104.74382359447,396.22428218825,10.0018866467586,1.62
"POL",2020-12-14,4530.0365051607,435.881771084645,10.5890895184159,1.62
"POL",2020-12-15,4998.26630704667,479.700012418116,11.470210532148,1.62
"POL",2020-12-16,5513.66975170501,528.5605647228,13.157120064458,1.62
"POL",2020-12-17,6080.91478408955,581.529403475359,14.2843710908228,1.62
"POL",2020-12-18,6705.20223206549,639.558987413724,15.2715394377871,1.62
"POL",2020-12-19,7392.31823900464,703.926593859075,16.8105869199235,1.62
"POL",2020-12-20,8148.59632282175,774.407060825871,18.1289770087648,1.62
"POL",2020-12-21,8980.9389571426,852.093523137171,19.7508888163141,1.62
"POL",2020-12-22,9896.91489056276,937.575937713493,21.6000042933367,1.62
"POL",2020-12-23,10904.8525474032,1031.48480154852,23.5471447081215,1.62
"POL",2020-12-24,12013.9309102779,1133.76722397005,24.6888610952942,1.62
"POL",2020-12-25,13234.2557913253,1246.25010794029,25.9252268928954,1.62
"POL",2020-12-26,14576.8758391686,1369.63446709967,27.0144192563778,1.62
"POL",2020-12-27,16053.7974340422,1505.76321591251,28.8416210388737,1.62
