"group","date","cum_I","Incidence","imported","Rt"
"IRL",2020-09-09,0,0,0,1.05
"IRL",2020-09-10,0,0,0,1.05
"IRL",2020-09-11,0,0,0,1.05
"IRL",2020-09-12,0,0,0,1.05
"IRL",2020-09-13,0,0,0,1.05
"IRL",2020-09-14,0,0,0,1.05
"IRL",2020-09-15,0,0,0,1.05
"IRL",2020-09-16,0,0,0,1.05
"IRL",2020-09-17,0,0,0,1.05
"IRL",2020-09-18,0,0,0,1.05
"IRL",2020-09-19,0,0,0,1.05
"IRL",2020-09-20,0,0,0,1.05
"IRL",2020-09-21,0,0,0,1.05
"IRL",2020-09-22,0,0,0,1.05
"IRL",2020-09-23,0,0.00150208909736351,0.00150208909736351,1.05
"IRL",2020-09-24,4.57287650181787e-06,0.00306239711042039,0.00305782423391857,1.05
"IRL",2020-09-25,8.0884155884033e-05,0.00450154362619604,0.00442523234681383,1.05
"IRL",2020-09-26,0.000426811034248428,0.00606070135713722,0.00571477447877282,1.05
"IRL",2020-09-27,0.00134017586830585,0.00754374365261858,0.00663037881856116,1.05
"IRL",2020-09-28,0.00313212464893873,0.010039404831196,0.0082474560505631,1.05
"IRL",2020-09-29,0.00606568572478165,0.0127906246567484,0.00985706358090546,1.05
"IRL",2020-09-30,0.0103707719477236,0.0172939919905745,0.0129889057676326,1.05
"IRL",2020-10-01,0.0163099368043085,0.0177944846382488,0.0118553197816638,1.05
"IRL",2020-10-02,0.024244728972977,0.0240684711745069,0.0161336790058383,1.05
"IRL",2020-10-03,0.0345339730221401,0.0340565583267881,0.0237673142776251,1.05
"IRL",2020-10-04,0.0475123183270533,0.0409322755741845,0.0279539302692712,1.05
"IRL",2020-10-05,0.063838761542572,0.0491155077614461,0.0327890645459275,1.05
"IRL",2020-10-06,0.0845865142343428,0.0582463031741526,0.0374985504823818,1.05
"IRL",2020-10-07,0.11092638398379,0.0696704311546898,0.0433305614052426,1.05
"IRL",2020-10-08,0.143911838788217,0.0798228680327631,0.0468374132283365,1.05
"IRL",2020-10-09,0.184517417735806,0.0913422457598887,0.0507366668122988,1.05
"IRL",2020-10-10,0.233689137281926,0.103186046301699,0.05401432675558,1.05
"IRL",2020-10-11,0.292294576760941,0.116320575217763,0.0577151357387474,1.05
"IRL",2020-10-12,0.361109783100262,0.13158702296516,0.0627718166258388,1.05
"IRL",2020-10-13,0.440867291182252,0.147903284274081,0.0681457761920908,1.05
"IRL",2020-10-14,0.53237380532459,0.193175466942091,0.101668952799753,1.05
"IRL",2020-10-15,0.636693881064937,0.232275459077566,0.127955383337219,1.05
"IRL",2020-10-16,0.756189267622184,0.27470033817197,0.155204951614723,1.05
"IRL",2020-10-17,0.895401788077789,0.321184058764994,0.181971538309389,1.05
"IRL",2020-10-18,1.0602180040305,0.373548357702474,0.208732141749759,1.05
"IRL",2020-10-19,1.25663460797701,0.439970787090537,0.243554183144032,1.05
"IRL",2020-10-20,1.49024799463226,0.521131192749274,0.287517806094021,1.05
"IRL",2020-10-21,1.76671041324024,0.629889759601214,0.353427340993234,1.05
"IRL",2020-10-22,2.09279664549926,0.741953817869222,0.415867585610207,1.05
"IRL",2020-10-23,2.47765893433226,0.872642607818735,0.48778031898573,1.05
"IRL",2020-10-24,2.93314358170215,1.00402923496387,0.548544587593979,1.05
"IRL",2020-10-25,3.47283897049132,1.15341722743721,0.613721838648047,1.05
"IRL",2020-10-26,4.1107272667627,1.32305285042975,0.685164554158371,1.05
"IRL",2020-10-27,4.86025757480312,1.51110600559535,0.76157569755493,1.05
"IRL",2020-10-28,5.73473234888368,1.82120260820736,0.946727834126809,1.05
"IRL",2020-10-29,6.7485961191406,2.1287355096136,1.11487173935668,1.05
"IRL",2020-10-30,7.92191455513555,2.44173610351147,1.26841766751652,1.05
"IRL",2020-10-31,9.28408349761564,2.79431952719876,1.43215058471867,1.05
"IRL",2020-11-01,10.870130952855,2.35065266743962,0.764605212200284,1.05
"IRL",2020-11-02,12.7126885830642,2.67191077292144,0.829353142712184,1.05
"IRL",2020-11-03,14.8104267143409,3.01063081813884,0.91289268686215,1.05
"IRL",2020-11-04,17.1203172573645,3.35440556656057,1.044515023537,1.05
"IRL",2020-11-05,19.6062967587134,3.64592525208316,1.1599457507342,1.05
"IRL",2020-11-06,22.2702946832366,3.95132056142606,1.2873226369029,1.05
"IRL",2020-11-07,25.143253421888,4.2553484201193,1.38238968146796,1.05
"IRL",2020-11-08,28.2625613733747,4.60698125078231,1.48767329929554,1.05
"IRL",2020-11-09,31.6585451420874,4.98107487832918,1.58509110961654,1.05
"IRL",2020-11-10,35.3532423489668,5.39037736143962,1.69568015456017,1.05
"IRL",2020-11-11,39.3654196350235,5.94877493493445,1.93659764887775,1.05
"IRL",2020-11-12,43.7154172022818,6.42193118057827,2.07193361332002,1.05
"IRL",2020-11-13,48.4313976571288,6.9141093343829,2.19812887953585,1.05
"IRL",2020-11-14,53.5501929611121,7.43730992021299,2.31851461622974,1.05
"IRL",2020-11-15,59.1085882217301,7.96160209766185,2.40320683704386,1.05
"IRL",2020-11-16,65.1373371323458,8.52313819522788,2.49438928461214,1.05
"IRL",2020-11-17,71.6611154534931,9.10129224175102,2.57751392060367,1.05
"IRL",2020-11-18,78.700371722099,9.75143752291746,2.71218125431155,1.05
"IRL",2020-11-19,86.2747481984157,10.340807481908,2.76643100559134,1.05
"IRL",2020-11-20,94.406251641018,10.9538096708734,2.82230622827114,1.05
"IRL",2020-11-21,103.118630492544,11.5671848056812,2.85480595415479,1.05
"IRL",2020-11-22,112.4326138716,12.1962417571954,2.88225837813945,1.05
"IRL",2020-11-23,122.363718499143,12.7928646348442,2.86176000730182,1.05
"IRL",2020-11-24,132.923119340059,13.4783469980508,2.91894615713418,1.05
"IRL",2020-11-25,144.118535875712,14.3473159724166,3.15189943676357,1.05
"IRL",2020-11-26,155.957580016893,15.030115424884,3.1910712837031,1.05
"IRL",2020-11-27,168.458766240103,15.807614122985,3.30642789977513,1.05
"IRL",2020-11-28,181.652865289782,16.5390809590924,3.3449819094137,1.05
"IRL",2020-11-29,195.571223166175,17.3216179536927,3.40326007729952,1.05
"IRL",2020-11-30,210.238551498274,18.1829804174025,3.51565208530378,1.05
"IRL",2020-12-01,225.672539354415,20.2612433242555,4.82725546811387,1.05
"IRL",2020-12-02,241.894005243813,21.4748259767552,5.25336008735783,1.05
"IRL",2020-12-03,258.976661414145,22.729788754828,5.64713258449541,1.05
"IRL",2020-12-04,277.066014099982,24.1332617416227,6.04390905578627,1.05
"IRL",2020-12-05,296.314849655101,25.7693671600032,6.52053160488396,1.05
"IRL",2020-12-06,316.836179299055,27.4232123038065,6.90188265985248,1.05
"IRL",2020-12-07,338.712454757179,29.1016119314732,7.22533647334943,1.05
"IRL",2020-12-08,362.021363696814,31.0953218929773,7.78641295334161,1.05
"IRL",2020-12-09,386.84427590134,33.5292271964647,8.7063149919388,1.05
"IRL",2020-12-10,413.272318359778,35.8419410135562,9.41389855511859,1.05
"IRL",2020-12-11,441.427965165899,38.3457628541259,10.1901160480053,1.05
"IRL",2020-12-12,471.470769411575,40.809970650189,10.7671664045127,1.05
"IRL",2020-12-13,503.574376962226,43.6525534133011,11.5489458626504,1.05
